10 2
2 2
6 2
4 2
6 2
6 2
6 2
4 2
6 2
6 2
10 2
6 2
10 2
8 2
10 2
10 2
10 2
8 2
10 2
10 2
14 2
10 2
14 2
12 2
14 2
14 2
14 2
12 2
14 2
14 2
12 2
8 2
16 2
2 2
6 2
10 2
10 2
10 2
10 2
2 2
6 2
6 2
6 2
10 2
2 2
10 2
2 2
10 2
10 2
10 2
10 2
10 2
10 2
10 2
10 2
10 2
10 2
10 2
2 2
2 2
8 2
10 2
8 2
10 2
12 2
10 2
10 2
10 2
10 2
10 2
10 2
10 2
10 2
6 2
10 2
10 2
10 2
10 2
10 2
10 2
10 2
10 2
10 2
10 2
10 2
10 2
10 2
10 2
10 2
10 2
10 2
6 2
10 2
6 2
10 2
10 2
4 2
10 2
10 2
10 2
10 2
10 2
8 2
10 2
10 2
2 2
10 2
8 2
4 2
10 2
10 2
10 2
10 2
10 2
10 2
10 2
6 2
10 2
10 2
10 2
10 2
10 2
10 2
6 2
2 2
6 2
12 2
16 2